{
 "cells": [
  {
   "cell_type": "markdown",
   "id": "e8081873",
   "metadata": {},
   "source": [
    "### 1. 목표 설정\n",
    "- 보스턴 집값 데이터를 이용해서 회귀분석을 진행해보자.\n",
    "- 특성곱을 이용해서 새로운 특성을 만들어보자.\n",
    "- 규제 모델을 이용해서 모델의 복잡도를 제어해보자."
   ]
  },
  {
   "cell_type": "markdown",
   "id": "b1156443",
   "metadata": {},
   "source": [
    "### 2. 데이터 수집\n",
    "- csv 파일 불러오기 (보스턴 주택 데이터)"
   ]
  },
  {
   "cell_type": "code",
   "execution_count": 1,
   "id": "a0ea0c28",
   "metadata": {},
   "outputs": [],
   "source": [
    "# 필요한 라이브러리 import\n",
    "import pandas as pd\n",
    "import numpy as np\n",
    "from matplotlib import pyplot as plt\n",
    "import seaborn as sns"
   ]
  },
  {
   "cell_type": "code",
   "execution_count": 2,
   "id": "6cb5774a",
   "metadata": {},
   "outputs": [],
   "source": [
    "# 데이터 불러오기\n",
    "boston = pd.read_csv('./data/boston_housing.csv')"
   ]
  },
  {
   "cell_type": "code",
   "execution_count": 3,
   "id": "b13e98af",
   "metadata": {},
   "outputs": [
    {
     "data": {
      "text/html": [
       "<div>\n",
       "<style scoped>\n",
       "    .dataframe tbody tr th:only-of-type {\n",
       "        vertical-align: middle;\n",
       "    }\n",
       "\n",
       "    .dataframe tbody tr th {\n",
       "        vertical-align: top;\n",
       "    }\n",
       "\n",
       "    .dataframe thead th {\n",
       "        text-align: right;\n",
       "    }\n",
       "</style>\n",
       "<table border=\"1\" class=\"dataframe\">\n",
       "  <thead>\n",
       "    <tr style=\"text-align: right;\">\n",
       "      <th></th>\n",
       "      <th>Unnamed: 0</th>\n",
       "      <th>CRIM</th>\n",
       "      <th>ZN</th>\n",
       "      <th>INDUS</th>\n",
       "      <th>CHAS</th>\n",
       "      <th>NOX</th>\n",
       "      <th>RM</th>\n",
       "      <th>AGE</th>\n",
       "      <th>DIS</th>\n",
       "      <th>RAD</th>\n",
       "      <th>TAX</th>\n",
       "      <th>PTRATIO</th>\n",
       "      <th>B</th>\n",
       "      <th>LSTAT</th>\n",
       "      <th>MEDV</th>\n",
       "    </tr>\n",
       "  </thead>\n",
       "  <tbody>\n",
       "    <tr>\n",
       "      <th>0</th>\n",
       "      <td>0</td>\n",
       "      <td>0.00632</td>\n",
       "      <td>18.0</td>\n",
       "      <td>2.31</td>\n",
       "      <td>0.0</td>\n",
       "      <td>0.538</td>\n",
       "      <td>6.575</td>\n",
       "      <td>65.2</td>\n",
       "      <td>4.0900</td>\n",
       "      <td>1.0</td>\n",
       "      <td>296.0</td>\n",
       "      <td>15.3</td>\n",
       "      <td>396.90</td>\n",
       "      <td>4.98</td>\n",
       "      <td>24.0</td>\n",
       "    </tr>\n",
       "    <tr>\n",
       "      <th>1</th>\n",
       "      <td>1</td>\n",
       "      <td>0.02731</td>\n",
       "      <td>0.0</td>\n",
       "      <td>7.07</td>\n",
       "      <td>0.0</td>\n",
       "      <td>0.469</td>\n",
       "      <td>6.421</td>\n",
       "      <td>78.9</td>\n",
       "      <td>4.9671</td>\n",
       "      <td>2.0</td>\n",
       "      <td>242.0</td>\n",
       "      <td>17.8</td>\n",
       "      <td>396.90</td>\n",
       "      <td>9.14</td>\n",
       "      <td>21.6</td>\n",
       "    </tr>\n",
       "    <tr>\n",
       "      <th>2</th>\n",
       "      <td>2</td>\n",
       "      <td>0.02729</td>\n",
       "      <td>0.0</td>\n",
       "      <td>7.07</td>\n",
       "      <td>0.0</td>\n",
       "      <td>0.469</td>\n",
       "      <td>7.185</td>\n",
       "      <td>61.1</td>\n",
       "      <td>4.9671</td>\n",
       "      <td>2.0</td>\n",
       "      <td>242.0</td>\n",
       "      <td>17.8</td>\n",
       "      <td>392.83</td>\n",
       "      <td>4.03</td>\n",
       "      <td>34.7</td>\n",
       "    </tr>\n",
       "    <tr>\n",
       "      <th>3</th>\n",
       "      <td>3</td>\n",
       "      <td>0.03237</td>\n",
       "      <td>0.0</td>\n",
       "      <td>2.18</td>\n",
       "      <td>0.0</td>\n",
       "      <td>0.458</td>\n",
       "      <td>6.998</td>\n",
       "      <td>45.8</td>\n",
       "      <td>6.0622</td>\n",
       "      <td>3.0</td>\n",
       "      <td>222.0</td>\n",
       "      <td>18.7</td>\n",
       "      <td>394.63</td>\n",
       "      <td>2.94</td>\n",
       "      <td>33.4</td>\n",
       "    </tr>\n",
       "    <tr>\n",
       "      <th>4</th>\n",
       "      <td>4</td>\n",
       "      <td>0.06905</td>\n",
       "      <td>0.0</td>\n",
       "      <td>2.18</td>\n",
       "      <td>0.0</td>\n",
       "      <td>0.458</td>\n",
       "      <td>7.147</td>\n",
       "      <td>54.2</td>\n",
       "      <td>6.0622</td>\n",
       "      <td>3.0</td>\n",
       "      <td>222.0</td>\n",
       "      <td>18.7</td>\n",
       "      <td>396.90</td>\n",
       "      <td>5.33</td>\n",
       "      <td>36.2</td>\n",
       "    </tr>\n",
       "  </tbody>\n",
       "</table>\n",
       "</div>"
      ],
      "text/plain": [
       "   Unnamed: 0     CRIM    ZN  INDUS  CHAS    NOX     RM   AGE     DIS  RAD  \\\n",
       "0           0  0.00632  18.0   2.31   0.0  0.538  6.575  65.2  4.0900  1.0   \n",
       "1           1  0.02731   0.0   7.07   0.0  0.469  6.421  78.9  4.9671  2.0   \n",
       "2           2  0.02729   0.0   7.07   0.0  0.469  7.185  61.1  4.9671  2.0   \n",
       "3           3  0.03237   0.0   2.18   0.0  0.458  6.998  45.8  6.0622  3.0   \n",
       "4           4  0.06905   0.0   2.18   0.0  0.458  7.147  54.2  6.0622  3.0   \n",
       "\n",
       "     TAX  PTRATIO       B  LSTAT  MEDV  \n",
       "0  296.0     15.3  396.90   4.98  24.0  \n",
       "1  242.0     17.8  396.90   9.14  21.6  \n",
       "2  242.0     17.8  392.83   4.03  34.7  \n",
       "3  222.0     18.7  394.63   2.94  33.4  \n",
       "4  222.0     18.7  396.90   5.33  36.2  "
      ]
     },
     "execution_count": 3,
     "metadata": {},
     "output_type": "execute_result"
    }
   ],
   "source": [
    "boston.head()"
   ]
  },
  {
   "cell_type": "code",
   "execution_count": 4,
   "id": "b946ab4a",
   "metadata": {},
   "outputs": [],
   "source": [
    "# 필요없는 Unnamed 컬럼 삭제\n",
    "boston.drop('Unnamed: 0', axis = 1, inplace = True)"
   ]
  },
  {
   "cell_type": "code",
   "execution_count": 5,
   "id": "fcb5d410",
   "metadata": {},
   "outputs": [
    {
     "data": {
      "text/html": [
       "<div>\n",
       "<style scoped>\n",
       "    .dataframe tbody tr th:only-of-type {\n",
       "        vertical-align: middle;\n",
       "    }\n",
       "\n",
       "    .dataframe tbody tr th {\n",
       "        vertical-align: top;\n",
       "    }\n",
       "\n",
       "    .dataframe thead th {\n",
       "        text-align: right;\n",
       "    }\n",
       "</style>\n",
       "<table border=\"1\" class=\"dataframe\">\n",
       "  <thead>\n",
       "    <tr style=\"text-align: right;\">\n",
       "      <th></th>\n",
       "      <th>CRIM</th>\n",
       "      <th>ZN</th>\n",
       "      <th>INDUS</th>\n",
       "      <th>CHAS</th>\n",
       "      <th>NOX</th>\n",
       "      <th>RM</th>\n",
       "      <th>AGE</th>\n",
       "      <th>DIS</th>\n",
       "      <th>RAD</th>\n",
       "      <th>TAX</th>\n",
       "      <th>PTRATIO</th>\n",
       "      <th>B</th>\n",
       "      <th>LSTAT</th>\n",
       "      <th>MEDV</th>\n",
       "    </tr>\n",
       "  </thead>\n",
       "  <tbody>\n",
       "    <tr>\n",
       "      <th>0</th>\n",
       "      <td>0.00632</td>\n",
       "      <td>18.0</td>\n",
       "      <td>2.31</td>\n",
       "      <td>0.0</td>\n",
       "      <td>0.538</td>\n",
       "      <td>6.575</td>\n",
       "      <td>65.2</td>\n",
       "      <td>4.0900</td>\n",
       "      <td>1.0</td>\n",
       "      <td>296.0</td>\n",
       "      <td>15.3</td>\n",
       "      <td>396.90</td>\n",
       "      <td>4.98</td>\n",
       "      <td>24.0</td>\n",
       "    </tr>\n",
       "    <tr>\n",
       "      <th>1</th>\n",
       "      <td>0.02731</td>\n",
       "      <td>0.0</td>\n",
       "      <td>7.07</td>\n",
       "      <td>0.0</td>\n",
       "      <td>0.469</td>\n",
       "      <td>6.421</td>\n",
       "      <td>78.9</td>\n",
       "      <td>4.9671</td>\n",
       "      <td>2.0</td>\n",
       "      <td>242.0</td>\n",
       "      <td>17.8</td>\n",
       "      <td>396.90</td>\n",
       "      <td>9.14</td>\n",
       "      <td>21.6</td>\n",
       "    </tr>\n",
       "    <tr>\n",
       "      <th>2</th>\n",
       "      <td>0.02729</td>\n",
       "      <td>0.0</td>\n",
       "      <td>7.07</td>\n",
       "      <td>0.0</td>\n",
       "      <td>0.469</td>\n",
       "      <td>7.185</td>\n",
       "      <td>61.1</td>\n",
       "      <td>4.9671</td>\n",
       "      <td>2.0</td>\n",
       "      <td>242.0</td>\n",
       "      <td>17.8</td>\n",
       "      <td>392.83</td>\n",
       "      <td>4.03</td>\n",
       "      <td>34.7</td>\n",
       "    </tr>\n",
       "    <tr>\n",
       "      <th>3</th>\n",
       "      <td>0.03237</td>\n",
       "      <td>0.0</td>\n",
       "      <td>2.18</td>\n",
       "      <td>0.0</td>\n",
       "      <td>0.458</td>\n",
       "      <td>6.998</td>\n",
       "      <td>45.8</td>\n",
       "      <td>6.0622</td>\n",
       "      <td>3.0</td>\n",
       "      <td>222.0</td>\n",
       "      <td>18.7</td>\n",
       "      <td>394.63</td>\n",
       "      <td>2.94</td>\n",
       "      <td>33.4</td>\n",
       "    </tr>\n",
       "    <tr>\n",
       "      <th>4</th>\n",
       "      <td>0.06905</td>\n",
       "      <td>0.0</td>\n",
       "      <td>2.18</td>\n",
       "      <td>0.0</td>\n",
       "      <td>0.458</td>\n",
       "      <td>7.147</td>\n",
       "      <td>54.2</td>\n",
       "      <td>6.0622</td>\n",
       "      <td>3.0</td>\n",
       "      <td>222.0</td>\n",
       "      <td>18.7</td>\n",
       "      <td>396.90</td>\n",
       "      <td>5.33</td>\n",
       "      <td>36.2</td>\n",
       "    </tr>\n",
       "    <tr>\n",
       "      <th>...</th>\n",
       "      <td>...</td>\n",
       "      <td>...</td>\n",
       "      <td>...</td>\n",
       "      <td>...</td>\n",
       "      <td>...</td>\n",
       "      <td>...</td>\n",
       "      <td>...</td>\n",
       "      <td>...</td>\n",
       "      <td>...</td>\n",
       "      <td>...</td>\n",
       "      <td>...</td>\n",
       "      <td>...</td>\n",
       "      <td>...</td>\n",
       "      <td>...</td>\n",
       "    </tr>\n",
       "    <tr>\n",
       "      <th>501</th>\n",
       "      <td>0.06263</td>\n",
       "      <td>0.0</td>\n",
       "      <td>11.93</td>\n",
       "      <td>0.0</td>\n",
       "      <td>0.573</td>\n",
       "      <td>6.593</td>\n",
       "      <td>69.1</td>\n",
       "      <td>2.4786</td>\n",
       "      <td>1.0</td>\n",
       "      <td>273.0</td>\n",
       "      <td>21.0</td>\n",
       "      <td>391.99</td>\n",
       "      <td>9.67</td>\n",
       "      <td>22.4</td>\n",
       "    </tr>\n",
       "    <tr>\n",
       "      <th>502</th>\n",
       "      <td>0.04527</td>\n",
       "      <td>0.0</td>\n",
       "      <td>11.93</td>\n",
       "      <td>0.0</td>\n",
       "      <td>0.573</td>\n",
       "      <td>6.120</td>\n",
       "      <td>76.7</td>\n",
       "      <td>2.2875</td>\n",
       "      <td>1.0</td>\n",
       "      <td>273.0</td>\n",
       "      <td>21.0</td>\n",
       "      <td>396.90</td>\n",
       "      <td>9.08</td>\n",
       "      <td>20.6</td>\n",
       "    </tr>\n",
       "    <tr>\n",
       "      <th>503</th>\n",
       "      <td>0.06076</td>\n",
       "      <td>0.0</td>\n",
       "      <td>11.93</td>\n",
       "      <td>0.0</td>\n",
       "      <td>0.573</td>\n",
       "      <td>6.976</td>\n",
       "      <td>91.0</td>\n",
       "      <td>2.1675</td>\n",
       "      <td>1.0</td>\n",
       "      <td>273.0</td>\n",
       "      <td>21.0</td>\n",
       "      <td>396.90</td>\n",
       "      <td>5.64</td>\n",
       "      <td>23.9</td>\n",
       "    </tr>\n",
       "    <tr>\n",
       "      <th>504</th>\n",
       "      <td>0.10959</td>\n",
       "      <td>0.0</td>\n",
       "      <td>11.93</td>\n",
       "      <td>0.0</td>\n",
       "      <td>0.573</td>\n",
       "      <td>6.794</td>\n",
       "      <td>89.3</td>\n",
       "      <td>2.3889</td>\n",
       "      <td>1.0</td>\n",
       "      <td>273.0</td>\n",
       "      <td>21.0</td>\n",
       "      <td>393.45</td>\n",
       "      <td>6.48</td>\n",
       "      <td>22.0</td>\n",
       "    </tr>\n",
       "    <tr>\n",
       "      <th>505</th>\n",
       "      <td>0.04741</td>\n",
       "      <td>0.0</td>\n",
       "      <td>11.93</td>\n",
       "      <td>0.0</td>\n",
       "      <td>0.573</td>\n",
       "      <td>6.030</td>\n",
       "      <td>80.8</td>\n",
       "      <td>2.5050</td>\n",
       "      <td>1.0</td>\n",
       "      <td>273.0</td>\n",
       "      <td>21.0</td>\n",
       "      <td>396.90</td>\n",
       "      <td>7.88</td>\n",
       "      <td>11.9</td>\n",
       "    </tr>\n",
       "  </tbody>\n",
       "</table>\n",
       "<p>506 rows × 14 columns</p>\n",
       "</div>"
      ],
      "text/plain": [
       "        CRIM    ZN  INDUS  CHAS    NOX     RM   AGE     DIS  RAD    TAX  \\\n",
       "0    0.00632  18.0   2.31   0.0  0.538  6.575  65.2  4.0900  1.0  296.0   \n",
       "1    0.02731   0.0   7.07   0.0  0.469  6.421  78.9  4.9671  2.0  242.0   \n",
       "2    0.02729   0.0   7.07   0.0  0.469  7.185  61.1  4.9671  2.0  242.0   \n",
       "3    0.03237   0.0   2.18   0.0  0.458  6.998  45.8  6.0622  3.0  222.0   \n",
       "4    0.06905   0.0   2.18   0.0  0.458  7.147  54.2  6.0622  3.0  222.0   \n",
       "..       ...   ...    ...   ...    ...    ...   ...     ...  ...    ...   \n",
       "501  0.06263   0.0  11.93   0.0  0.573  6.593  69.1  2.4786  1.0  273.0   \n",
       "502  0.04527   0.0  11.93   0.0  0.573  6.120  76.7  2.2875  1.0  273.0   \n",
       "503  0.06076   0.0  11.93   0.0  0.573  6.976  91.0  2.1675  1.0  273.0   \n",
       "504  0.10959   0.0  11.93   0.0  0.573  6.794  89.3  2.3889  1.0  273.0   \n",
       "505  0.04741   0.0  11.93   0.0  0.573  6.030  80.8  2.5050  1.0  273.0   \n",
       "\n",
       "     PTRATIO       B  LSTAT  MEDV  \n",
       "0       15.3  396.90   4.98  24.0  \n",
       "1       17.8  396.90   9.14  21.6  \n",
       "2       17.8  392.83   4.03  34.7  \n",
       "3       18.7  394.63   2.94  33.4  \n",
       "4       18.7  396.90   5.33  36.2  \n",
       "..       ...     ...    ...   ...  \n",
       "501     21.0  391.99   9.67  22.4  \n",
       "502     21.0  396.90   9.08  20.6  \n",
       "503     21.0  396.90   5.64  23.9  \n",
       "504     21.0  393.45   6.48  22.0  \n",
       "505     21.0  396.90   7.88  11.9  \n",
       "\n",
       "[506 rows x 14 columns]"
      ]
     },
     "execution_count": 5,
     "metadata": {},
     "output_type": "execute_result"
    }
   ],
   "source": [
    "boston"
   ]
  },
  {
   "cell_type": "markdown",
   "id": "d0de3dc7",
   "metadata": {},
   "source": [
    "- 결측치 없음 !"
   ]
  },
  {
   "cell_type": "markdown",
   "id": "f85f72ec",
   "metadata": {},
   "source": [
    "**특성정보 확인**\n",
    "- CRIM : 범죄율\n",
    "- INDUS : 비소매상업지역의 면적 비율\n",
    "- NOX : 대기 중 일산화질소의 농도\n",
    "- RM : 주택당 방의 갯수\n",
    "- LSTAT : 인구 중 하위 계층의 비율\n",
    "- B : 인구 중 흑인의 비율\n",
    "- PIRATIO : 학생 / 교사 비율\n",
    "- ZN : 25000평방 피트를 초과한 거주지의 비율\n",
    "- CHAS : 찰스강의 경계에 위치한 경우는 1, 아닌 경우는 0\n",
    "- AGE : 1940년대 이전에 지어진 주택의 비율\n",
    "- DIS : 직업센터의 거리\n",
    "- TAX : 재산세율\n",
    "\n",
    "**종속변수 확인**\n",
    "- MEDV : 집 값, 주택 가격"
   ]
  },
  {
   "cell_type": "markdown",
   "id": "840a8a8d",
   "metadata": {},
   "source": [
    "### 3. 데이터 전처리\n",
    "- 결측치 없었다.\n",
    "- 보스턴 주택 데이터는 학습용으로 제공된 데이터라 전처리가 필요없다(데이터가 깔끔하다.)"
   ]
  },
  {
   "cell_type": "markdown",
   "id": "e83e41e0",
   "metadata": {},
   "source": [
    "### 4. 탐색적 데이터 분석\n",
    "- 생략"
   ]
  },
  {
   "cell_type": "markdown",
   "id": "33d7fb2a",
   "metadata": {},
   "source": [
    "### 5. 모델링\n",
    "- 데이터 분리(X_train, X_test, y_train, y_test)\n",
    "- 모델 선정 및 학습 / 평가 / 예측"
   ]
  },
  {
   "cell_type": "code",
   "execution_count": 6,
   "id": "ef3f5b88",
   "metadata": {},
   "outputs": [
    {
     "data": {
      "text/plain": [
       "((354, 13), (152, 13), (354,), (152,))"
      ]
     },
     "execution_count": 6,
     "metadata": {},
     "output_type": "execute_result"
    }
   ],
   "source": [
    "# 데이터 분리\n",
    "# step 1 : 데이터를 분리하기 위한 모듈 불러오기\n",
    "from sklearn.model_selection import train_test_split\n",
    "\n",
    "# step 2 : 데이터 분리하기 (y (정답 데이터는 MEDV 컬럼))\n",
    "# 문제와 정답 분할\n",
    "X = boston.drop('MEDV', axis = 1)\n",
    "y = boston.loc[ : , 'MEDV']\n",
    "\n",
    "# step 3 : 데이터 분할 확인하기\n",
    "X_train, X_test, y_train, y_test = train_test_split(X, y,\n",
    "                                                   test_size=0.3,\n",
    "                                                   random_state=14)\n",
    "X_train.shape, X_test.shape, y_train.shape, y_test.shape"
   ]
  },
  {
   "cell_type": "code",
   "execution_count": 7,
   "id": "b4670b8b",
   "metadata": {},
   "outputs": [
    {
     "data": {
      "text/html": [
       "<div>\n",
       "<style scoped>\n",
       "    .dataframe tbody tr th:only-of-type {\n",
       "        vertical-align: middle;\n",
       "    }\n",
       "\n",
       "    .dataframe tbody tr th {\n",
       "        vertical-align: top;\n",
       "    }\n",
       "\n",
       "    .dataframe thead th {\n",
       "        text-align: right;\n",
       "    }\n",
       "</style>\n",
       "<table border=\"1\" class=\"dataframe\">\n",
       "  <thead>\n",
       "    <tr style=\"text-align: right;\">\n",
       "      <th></th>\n",
       "      <th>CRIM</th>\n",
       "      <th>ZN</th>\n",
       "      <th>INDUS</th>\n",
       "      <th>CHAS</th>\n",
       "      <th>NOX</th>\n",
       "      <th>RM</th>\n",
       "      <th>AGE</th>\n",
       "      <th>DIS</th>\n",
       "      <th>RAD</th>\n",
       "      <th>TAX</th>\n",
       "      <th>PTRATIO</th>\n",
       "      <th>B</th>\n",
       "      <th>LSTAT</th>\n",
       "    </tr>\n",
       "  </thead>\n",
       "  <tbody>\n",
       "    <tr>\n",
       "      <th>CRIM</th>\n",
       "      <td>1.000000</td>\n",
       "      <td>-0.198127</td>\n",
       "      <td>0.407642</td>\n",
       "      <td>-0.062908</td>\n",
       "      <td>0.396684</td>\n",
       "      <td>-0.204196</td>\n",
       "      <td>0.342938</td>\n",
       "      <td>-0.370585</td>\n",
       "      <td>0.615835</td>\n",
       "      <td>0.583885</td>\n",
       "      <td>0.287578</td>\n",
       "      <td>-0.455281</td>\n",
       "      <td>0.412497</td>\n",
       "    </tr>\n",
       "    <tr>\n",
       "      <th>ZN</th>\n",
       "      <td>-0.198127</td>\n",
       "      <td>1.000000</td>\n",
       "      <td>-0.537779</td>\n",
       "      <td>-0.036186</td>\n",
       "      <td>-0.516228</td>\n",
       "      <td>0.328811</td>\n",
       "      <td>-0.587600</td>\n",
       "      <td>0.667067</td>\n",
       "      <td>-0.321028</td>\n",
       "      <td>-0.302022</td>\n",
       "      <td>-0.412976</td>\n",
       "      <td>0.180559</td>\n",
       "      <td>-0.418373</td>\n",
       "    </tr>\n",
       "    <tr>\n",
       "      <th>INDUS</th>\n",
       "      <td>0.407642</td>\n",
       "      <td>-0.537779</td>\n",
       "      <td>1.000000</td>\n",
       "      <td>0.046579</td>\n",
       "      <td>0.750273</td>\n",
       "      <td>-0.422111</td>\n",
       "      <td>0.645569</td>\n",
       "      <td>-0.698460</td>\n",
       "      <td>0.603990</td>\n",
       "      <td>0.701238</td>\n",
       "      <td>0.373049</td>\n",
       "      <td>-0.375440</td>\n",
       "      <td>0.599017</td>\n",
       "    </tr>\n",
       "    <tr>\n",
       "      <th>CHAS</th>\n",
       "      <td>-0.062908</td>\n",
       "      <td>-0.036186</td>\n",
       "      <td>0.046579</td>\n",
       "      <td>1.000000</td>\n",
       "      <td>0.079141</td>\n",
       "      <td>0.043520</td>\n",
       "      <td>0.088738</td>\n",
       "      <td>-0.086626</td>\n",
       "      <td>-0.016696</td>\n",
       "      <td>-0.044503</td>\n",
       "      <td>-0.088673</td>\n",
       "      <td>0.041842</td>\n",
       "      <td>-0.037309</td>\n",
       "    </tr>\n",
       "    <tr>\n",
       "      <th>NOX</th>\n",
       "      <td>0.396684</td>\n",
       "      <td>-0.516228</td>\n",
       "      <td>0.750273</td>\n",
       "      <td>0.079141</td>\n",
       "      <td>1.000000</td>\n",
       "      <td>-0.324292</td>\n",
       "      <td>0.724184</td>\n",
       "      <td>-0.769434</td>\n",
       "      <td>0.590693</td>\n",
       "      <td>0.642399</td>\n",
       "      <td>0.160945</td>\n",
       "      <td>-0.386455</td>\n",
       "      <td>0.576952</td>\n",
       "    </tr>\n",
       "    <tr>\n",
       "      <th>RM</th>\n",
       "      <td>-0.204196</td>\n",
       "      <td>0.328811</td>\n",
       "      <td>-0.422111</td>\n",
       "      <td>0.043520</td>\n",
       "      <td>-0.324292</td>\n",
       "      <td>1.000000</td>\n",
       "      <td>-0.267122</td>\n",
       "      <td>0.224127</td>\n",
       "      <td>-0.231818</td>\n",
       "      <td>-0.310267</td>\n",
       "      <td>-0.366450</td>\n",
       "      <td>0.169576</td>\n",
       "      <td>-0.616330</td>\n",
       "    </tr>\n",
       "    <tr>\n",
       "      <th>AGE</th>\n",
       "      <td>0.342938</td>\n",
       "      <td>-0.587600</td>\n",
       "      <td>0.645569</td>\n",
       "      <td>0.088738</td>\n",
       "      <td>0.724184</td>\n",
       "      <td>-0.267122</td>\n",
       "      <td>1.000000</td>\n",
       "      <td>-0.753645</td>\n",
       "      <td>0.457447</td>\n",
       "      <td>0.491449</td>\n",
       "      <td>0.259480</td>\n",
       "      <td>-0.295535</td>\n",
       "      <td>0.607902</td>\n",
       "    </tr>\n",
       "    <tr>\n",
       "      <th>DIS</th>\n",
       "      <td>-0.370585</td>\n",
       "      <td>0.667067</td>\n",
       "      <td>-0.698460</td>\n",
       "      <td>-0.086626</td>\n",
       "      <td>-0.769434</td>\n",
       "      <td>0.224127</td>\n",
       "      <td>-0.753645</td>\n",
       "      <td>1.000000</td>\n",
       "      <td>-0.492302</td>\n",
       "      <td>-0.516146</td>\n",
       "      <td>-0.217870</td>\n",
       "      <td>0.311121</td>\n",
       "      <td>-0.474333</td>\n",
       "    </tr>\n",
       "    <tr>\n",
       "      <th>RAD</th>\n",
       "      <td>0.615835</td>\n",
       "      <td>-0.321028</td>\n",
       "      <td>0.603990</td>\n",
       "      <td>-0.016696</td>\n",
       "      <td>0.590693</td>\n",
       "      <td>-0.231818</td>\n",
       "      <td>0.457447</td>\n",
       "      <td>-0.492302</td>\n",
       "      <td>1.000000</td>\n",
       "      <td>0.925356</td>\n",
       "      <td>0.471381</td>\n",
       "      <td>-0.438406</td>\n",
       "      <td>0.465708</td>\n",
       "    </tr>\n",
       "    <tr>\n",
       "      <th>TAX</th>\n",
       "      <td>0.583885</td>\n",
       "      <td>-0.302022</td>\n",
       "      <td>0.701238</td>\n",
       "      <td>-0.044503</td>\n",
       "      <td>0.642399</td>\n",
       "      <td>-0.310267</td>\n",
       "      <td>0.491449</td>\n",
       "      <td>-0.516146</td>\n",
       "      <td>0.925356</td>\n",
       "      <td>1.000000</td>\n",
       "      <td>0.463844</td>\n",
       "      <td>-0.444427</td>\n",
       "      <td>0.510925</td>\n",
       "    </tr>\n",
       "    <tr>\n",
       "      <th>PTRATIO</th>\n",
       "      <td>0.287578</td>\n",
       "      <td>-0.412976</td>\n",
       "      <td>0.373049</td>\n",
       "      <td>-0.088673</td>\n",
       "      <td>0.160945</td>\n",
       "      <td>-0.366450</td>\n",
       "      <td>0.259480</td>\n",
       "      <td>-0.217870</td>\n",
       "      <td>0.471381</td>\n",
       "      <td>0.463844</td>\n",
       "      <td>1.000000</td>\n",
       "      <td>-0.171175</td>\n",
       "      <td>0.367573</td>\n",
       "    </tr>\n",
       "    <tr>\n",
       "      <th>B</th>\n",
       "      <td>-0.455281</td>\n",
       "      <td>0.180559</td>\n",
       "      <td>-0.375440</td>\n",
       "      <td>0.041842</td>\n",
       "      <td>-0.386455</td>\n",
       "      <td>0.169576</td>\n",
       "      <td>-0.295535</td>\n",
       "      <td>0.311121</td>\n",
       "      <td>-0.438406</td>\n",
       "      <td>-0.444427</td>\n",
       "      <td>-0.171175</td>\n",
       "      <td>1.000000</td>\n",
       "      <td>-0.415306</td>\n",
       "    </tr>\n",
       "    <tr>\n",
       "      <th>LSTAT</th>\n",
       "      <td>0.412497</td>\n",
       "      <td>-0.418373</td>\n",
       "      <td>0.599017</td>\n",
       "      <td>-0.037309</td>\n",
       "      <td>0.576952</td>\n",
       "      <td>-0.616330</td>\n",
       "      <td>0.607902</td>\n",
       "      <td>-0.474333</td>\n",
       "      <td>0.465708</td>\n",
       "      <td>0.510925</td>\n",
       "      <td>0.367573</td>\n",
       "      <td>-0.415306</td>\n",
       "      <td>1.000000</td>\n",
       "    </tr>\n",
       "  </tbody>\n",
       "</table>\n",
       "</div>"
      ],
      "text/plain": [
       "             CRIM        ZN     INDUS      CHAS       NOX        RM       AGE  \\\n",
       "CRIM     1.000000 -0.198127  0.407642 -0.062908  0.396684 -0.204196  0.342938   \n",
       "ZN      -0.198127  1.000000 -0.537779 -0.036186 -0.516228  0.328811 -0.587600   \n",
       "INDUS    0.407642 -0.537779  1.000000  0.046579  0.750273 -0.422111  0.645569   \n",
       "CHAS    -0.062908 -0.036186  0.046579  1.000000  0.079141  0.043520  0.088738   \n",
       "NOX      0.396684 -0.516228  0.750273  0.079141  1.000000 -0.324292  0.724184   \n",
       "RM      -0.204196  0.328811 -0.422111  0.043520 -0.324292  1.000000 -0.267122   \n",
       "AGE      0.342938 -0.587600  0.645569  0.088738  0.724184 -0.267122  1.000000   \n",
       "DIS     -0.370585  0.667067 -0.698460 -0.086626 -0.769434  0.224127 -0.753645   \n",
       "RAD      0.615835 -0.321028  0.603990 -0.016696  0.590693 -0.231818  0.457447   \n",
       "TAX      0.583885 -0.302022  0.701238 -0.044503  0.642399 -0.310267  0.491449   \n",
       "PTRATIO  0.287578 -0.412976  0.373049 -0.088673  0.160945 -0.366450  0.259480   \n",
       "B       -0.455281  0.180559 -0.375440  0.041842 -0.386455  0.169576 -0.295535   \n",
       "LSTAT    0.412497 -0.418373  0.599017 -0.037309  0.576952 -0.616330  0.607902   \n",
       "\n",
       "              DIS       RAD       TAX   PTRATIO         B     LSTAT  \n",
       "CRIM    -0.370585  0.615835  0.583885  0.287578 -0.455281  0.412497  \n",
       "ZN       0.667067 -0.321028 -0.302022 -0.412976  0.180559 -0.418373  \n",
       "INDUS   -0.698460  0.603990  0.701238  0.373049 -0.375440  0.599017  \n",
       "CHAS    -0.086626 -0.016696 -0.044503 -0.088673  0.041842 -0.037309  \n",
       "NOX     -0.769434  0.590693  0.642399  0.160945 -0.386455  0.576952  \n",
       "RM       0.224127 -0.231818 -0.310267 -0.366450  0.169576 -0.616330  \n",
       "AGE     -0.753645  0.457447  0.491449  0.259480 -0.295535  0.607902  \n",
       "DIS      1.000000 -0.492302 -0.516146 -0.217870  0.311121 -0.474333  \n",
       "RAD     -0.492302  1.000000  0.925356  0.471381 -0.438406  0.465708  \n",
       "TAX     -0.516146  0.925356  1.000000  0.463844 -0.444427  0.510925  \n",
       "PTRATIO -0.217870  0.471381  0.463844  1.000000 -0.171175  0.367573  \n",
       "B        0.311121 -0.438406 -0.444427 -0.171175  1.000000 -0.415306  \n",
       "LSTAT   -0.474333  0.465708  0.510925  0.367573 -0.415306  1.000000  "
      ]
     },
     "execution_count": 7,
     "metadata": {},
     "output_type": "execute_result"
    }
   ],
   "source": [
    "# 분할된 데이터를 가지고 상관계수 확인하기\n",
    "X_train.corr()"
   ]
  },
  {
   "cell_type": "code",
   "execution_count": 8,
   "id": "7e08525b",
   "metadata": {},
   "outputs": [
    {
     "data": {
      "text/plain": [
       "<Axes: >"
      ]
     },
     "execution_count": 8,
     "metadata": {},
     "output_type": "execute_result"
    },
    {
     "data": {
